* Band 1

if station N
  notches 334824 334837.984375
          334888 334896.578125
          334952 334955.171875
          335014.359375 335016
          335072.953125 335080
          335131.546875 335144
          335190.140625 335208
          335248.734375 335272
          335307.328125 335336
          335400 335423.921875
          335464 335482.515625
          335528 335541.109375
          335592 335599.703125
          335656 335658.296875
          335717.484375 335720
          335776.078125 335784
          335834.671875 335848
          335893.265625 335912
          335951.859375 335976
          336040 336068.453125
          336104 336127.046875
          336168 336185.640625
          336232 336244.234375
          336296 336302.828125
          336360 336361.421875
          336420.609375 336424
          336479.203125 336488
