* Band 4

if station N
  notches 348712 348720.796875
          348776 348779.390625
          348838.578125 348840
          348897.171875 348904
          348955.765625 348968
          349014.359375 349032
          349072.953125 349096
          349131.546875 349160
          349224 349248.140625
          349288 349306.734375
          349352 349365.328125
          349416 349423.921875
          349480 349482.515625
          349541.703125 349544
          349600.296875 349608
          349658.890625 349672
          349717.484375 349736
          349776.078125 349800
          349864 349892.671875
          349928 349951.265625
          349992 350009.859375
          350056 350068.453125
          350120 350127.046875
          350184 350185.640625
          350244.828125 350248
          350303.421875 350312
          350362.015625 350376
